[29829, 29854] GONE [29829, 29854]
mouse_perfect/ENSMUST00000131784.8

0 0 4 0
mouse_perfect/ENSMUST00000191818.6

0 1 0 0
[72367, 72388] GONE [72367, 72388]
mouse_perfect/ENSMUST00000165099.8

0 0 40 0
mouse_perfect/ENSMUST00000162014.2

0 1 0 0
[14066, 14078] GONE [14066, 14078]
mouse_perfect/ENSMUST00000149525.8

[33580, 33617] GONE [33580, 33617]
mouse_perfect/ENSMUST00000151978.2

[99095, 99129] GONE [99095, 99129]
mouse_perfect/ENSMUST00000184906.8

0 0 15 0
mouse_perfect/ENSMUST00000108690.10

0 2 0 0
[13984, 14010] GONE [13984, 14010]
mouse_perfect/ENSMUST00000169901.7

[8695, 8713] GONE [8695, 8713]
mouse_perfect/ENSMUST00000133289.2

0 0 74 0
mouse_perfect/ENSMUST00000172996.2

-13685 13749 0 0
-2725 2721 0 0
-1284 1242 0 0
-2499 2508 0 0
-360 429 0 0
-1488 1453 0 0
-528 501 0 0
-1452 1496 0 0
-611 1095 0 0
[24634, 25231] GONE [24634, 25231]
mouse_perfect/ENSMUST00000061544.11

0 0 0 4
mouse_perfect/ENSMUST00000120653.8

0 0 8341 -8413
0 0 1662 -1662
0 0 163 -208
0 0 340 -409
0 0 474 -398
0 0 2402 -2428
0 0 3165 -3140
0 0 229 -223
0 0 1209 -1263
0 0 1326 -1268
0 0 2401 -2463
0 0 764 -727
0 0 3766 -4916
GONE GONE [40655, 41930]
mouse_perfect/ENSMUST00000113759.9

[22251, 22267] GONE [22251, 22267]
mouse_perfect/ENSMUST00000156895.8

0 0 0 34
mouse_perfect/ENSMUST00000112398.3

[8699, 8718] GONE [8699, 8718]
mouse_perfect/ENSMUST00000151722.8

0 0 0 66
mouse_perfect/ENSMUST00000012152.13

0 0 48 0
mouse_perfect/ENSMUST00000151500.2

0 1 0 0
[949, 968] GONE [949, 968]
mouse_perfect/ENSMUST00000169619.2

0 0 0 12
mouse_perfect/ENSMUST00000048514.11

[562, 10, 11] [569, 10, 4] [562, 10, 11]
0.9828473413379074
