[2, 1575] [6, 1575] [2, 1575]
mouse_mutated_sub/ENSMUST00000088481.5

[29829, 29854] GONE [29829, 29854]
mouse_mutated_sub/ENSMUST00000131784.8

[2, 334] [3, 334] [2, 334]
mouse_mutated_sub/ENSMUST00000117592.2

[16068, 16138] [16068, 16138] [16064, 16138]
mouse_mutated_sub/ENSMUST00000191818.6

[61909, 62146] [61909, 62147] [61909, 62146]
[72367, 72388] GONE [72367, 72388]
mouse_mutated_sub/ENSMUST00000165099.8

[50773, 50843] [50773, 50843] [50733, 50843]
mouse_mutated_sub/ENSMUST00000162014.2

[10596, 10671] [10596, 10672] [10596, 10671]
[14066, 14078] GONE [14066, 14078]
mouse_mutated_sub/ENSMUST00000149525.8

[68841, 69271] [68841, 69269] [68841, 69271]
mouse_mutated_sub/ENSMUST00000106640.2

[2, 44] [3, 44] [2, 44]
mouse_mutated_sub/ENSMUST00000113279.8

[33580, 33617] GONE [33580, 33617]
mouse_mutated_sub/ENSMUST00000151978.2

[99095, 99129] GONE [99095, 99129]
mouse_mutated_sub/ENSMUST00000184906.8

[3048, 3260] [3048, 3260] [3033, 3260]
mouse_mutated_sub/ENSMUST00000108690.10

[10706, 10795] [10706, 10797] [10706, 10795]
[13984, 14010] GONE [13984, 14010]
mouse_mutated_sub/ENSMUST00000169901.7

[8695, 8713] GONE [8695, 8713]
mouse_mutated_sub/ENSMUST00000133289.2

[122613, 124310] [122613, 124307] [122613, 124310]
mouse_mutated_sub/ENSMUST00000092984.6

[50248, 50463] [50248, 50463] [50174, 50463]
mouse_mutated_sub/ENSMUST00000172996.2

[39077, 39455] [39077, 39454] [39077, 39455]
mouse_mutated_sub/ENSMUST00000031412.12

[10301, 15056] [10301, 15053] [10301, 15056]
mouse_mutated_sub/ENSMUST00000113434.2

[684515, 685659] [684515, 685655] [684515, 685659]
mouse_mutated_sub/ENSMUST00000134009.9

[2, 37] [13687, 13786] [2, 37]
[13687, 13786] [16412, 16507] [13687, 13786]
[16412, 16507] [17696, 17749] [16412, 16507]
[17696, 17749] [20195, 20257] [17696, 17749]
[20195, 20257] [20555, 20686] [20195, 20257]
[20555, 20686] [22043, 22139] [20555, 20686]
[22043, 22139] [22571, 22640] [22043, 22139]
[22571, 22640] [24023, 24136] [22571, 22640]
[24023, 24136] [24634, 25231] [24023, 24136]
[24634, 25231] GONE [24634, 25231]
mouse_mutated_sub/ENSMUST00000061544.11

[55946, 56314] [55946, 56313] [55946, 56314]
mouse_mutated_sub/ENSMUST00000115532.2

[22727, 22839] [22727, 22839] [22727, 22843]
mouse_mutated_sub/ENSMUST00000120653.8

[23869, 24054] [23869, 24052] [23869, 24054]
mouse_mutated_sub/ENSMUST00000121391.8

[22751, 22825] [22751, 22825] [14410, 14412]
[24416, 24487] [24416, 24487] [22754, 22825]
[24579, 24695] [24579, 24695] [24416, 24487]
[24919, 25104] [24919, 25104] [24579, 24695]
[25393, 25502] [25393, 25502] [24919, 25104]
[27795, 27930] [27795, 27930] [25393, 25502]
[30960, 31070] [30960, 31070] [27795, 27930]
[31189, 31293] [31189, 31293] [30960, 31070]
[32398, 32556] [32398, 32556] [31189, 31293]
[33724, 33824] [33724, 33824] [32398, 32556]
[36125, 36287] [36125, 36287] [33724, 33824]
[36889, 37014] [36889, 37014] [36125, 36287]
[40655, 41930] [40655, 41930] [36889, 37014]
GONE GONE [40655, 41930]
mouse_mutated_sub/ENSMUST00000113759.9

[7682, 7885] [7682, 7883] [7682, 7885]
mouse_mutated_sub/ENSMUST00000126251.8

[4938, 5033] [4938, 5031] [4938, 5033]
mouse_mutated_sub/ENSMUST00000111894.2

[22251, 22267] GONE [22251, 22267]
mouse_mutated_sub/ENSMUST00000156895.8

[7483, 7612] [7483, 7612] [7483, 7646]
mouse_mutated_sub/ENSMUST00000112398.3

[8699, 8718] GONE [8699, 8718]
mouse_mutated_sub/ENSMUST00000151722.8

[18007, 18226] [18007, 18226] [18007, 18292]
[51033, 51340] [51033, 51339] [51033, 51340]
mouse_mutated_sub/ENSMUST00000012152.13

[2, 193] [9, 193] [2, 193]
mouse_mutated_sub/ENSMUST00000101094.9

[2, 1150] [4, 1150] [2, 1150]
mouse_mutated_sub/ENSMUST00000100458.4

[2, 1069] [5, 1069] [2, 1069]
mouse_mutated_sub/ENSMUST00000108364.8

[26527, 26685] [26527, 26681] [26527, 26685]
mouse_mutated_sub/ENSMUST00000133599.2

[1336, 1509] [1336, 1509] [1288, 1509]
mouse_mutated_sub/ENSMUST00000151500.2

[505, 665] [505, 666] [505, 665]
[949, 968] GONE [949, 968]
mouse_mutated_sub/ENSMUST00000169619.2

[2, 144] [4, 144] [2, 144]
mouse_mutated_sub/ENSMUST00000118401.8

[15379, 15526] [15379, 15526] [15379, 15538]
mouse_mutated_sub/ENSMUST00000048514.11

[27871, 28007] [27871, 28008] [27871, 28007]
[28890, 28920] GONE [28890, 28920]
mouse_mutated_sub/ENSMUST00000064330.13

[41553, 42712] [41553, 42710] [41553, 42712]
mouse_mutated_sub/ENSMUST00000108374.8

[551, 1, 31] [568, 10, 5] [543, 10, 30]
0.9468267581475128
